<?xml version="1.0" encoding="UTF-8" standalone="no"?>
<!DOCTYPE svg PUBLIC "-//W3C//DTD SVG 20010904//EN"
              "http://www.w3.org/TR/2001/REC-SVG-20010904/DTD/svg10.dtd">

<svg xmlns="http://www.w3.org/2000/svg"
     width="4.47245in" height="4.28494in"
     viewBox="0 0 1288 1234">
  <path id="Bavaro"
        fill="none" stroke="black" stroke-width="1"
        d="M 1036.00,136.00
           C 1036.00,136.00 1038.00,132.00 1038.00,132.00
             1038.00,132.00 1050.00,137.00 1050.00,137.00
             1050.00,137.00 1049.00,141.00 1049.00,141.00
             1049.00,141.00 1066.00,149.00 1066.00,149.00
             1066.00,149.00 1056.85,173.00 1056.85,173.00
             1056.85,173.00 1041.28,210.00 1041.28,210.00
             1041.28,210.00 1003.00,300.00 1003.00,300.00
             1003.00,300.00 969.00,285.23 969.00,285.23
             966.18,283.94 958.45,281.16 957.12,278.61
             955.73,275.92 958.60,270.60 959.72,268.00
             959.72,268.00 971.58,240.00 971.58,240.00
             971.58,240.00 1001.42,169.00 1001.42,169.00
             1001.42,169.00 1018.00,129.00 1018.00,129.00
             1018.00,129.00 1036.00,136.00 1036.00,136.00 Z" />
</svg>
