<?xml version="1.0" encoding="UTF-8" standalone="no"?>
<!DOCTYPE svg PUBLIC "-//W3C//DTD SVG 20010904//EN"
              "http://www.w3.org/TR/2001/REC-SVG-20010904/DTD/svg10.dtd">

<svg xmlns="http://www.w3.org/2000/svg"
     width="4.47245in" height="4.28494in"
     viewBox="0 0 1288 1234">
  <path id="Chem"
        fill="none" stroke="black" stroke-width="1"
        d="M 399.22,413.50
           C 401.67,413.20 413.90,418.73 417.00,420.01
             417.00,420.01 462.00,439.00 462.00,439.00
             462.00,439.00 458.00,451.00 458.00,451.00
             458.00,451.00 473.00,457.00 473.00,457.00
             473.00,457.00 459.76,489.87 459.76,489.87
             459.76,489.87 454.44,498.02 454.44,498.02
             454.44,498.02 440.44,532.00 440.44,532.00
             440.44,532.00 437.54,542.00 437.54,542.00
             437.54,542.00 430.00,560.00 430.00,560.00
             430.00,560.00 427.00,559.00 427.00,559.00
             427.00,559.00 424.00,566.00 424.00,566.00
             424.00,566.00 430.00,569.00 430.00,569.00
             430.00,569.00 415.01,606.00 415.01,606.00
             415.01,606.00 401.00,639.00 401.00,639.00
             401.00,639.00 394.00,636.00 394.00,636.00
             394.00,636.00 391.00,644.00 391.00,644.00
             391.00,644.00 394.00,645.00 394.00,645.00
             394.00,645.00 385.00,668.00 385.00,668.00
             385.00,668.00 374.00,664.00 374.00,664.00
             374.00,664.00 369.00,678.00 369.00,678.00
             369.00,678.00 391.00,687.00 391.00,687.00
             391.00,687.00 393.00,682.00 393.00,682.00
             393.00,682.00 413.00,690.00 413.00,690.00
             413.00,690.00 403.80,714.00 403.80,714.00
             403.80,714.00 383.99,762.00 383.99,762.00
             383.99,762.00 374.00,787.00 374.00,787.00
             374.00,787.00 370.00,786.00 370.00,786.00
             368.48,789.85 366.69,792.21 369.00,796.00
             369.00,796.00 361.00,816.00 361.00,816.00
             361.00,816.00 355.00,814.00 355.00,814.00
             355.00,814.00 353.00,819.00 353.00,819.00
             353.00,819.00 333.00,811.00 333.00,811.00
             333.00,811.00 334.00,808.00 334.00,808.00
             334.00,808.00 319.00,804.53 319.00,804.53
             319.00,804.53 276.00,787.00 276.00,787.00
             276.00,787.00 279.00,778.00 279.00,778.00
             279.00,778.00 275.00,777.00 275.00,777.00
             275.00,777.00 278.00,768.00 278.00,768.00
             278.00,768.00 275.00,767.00 275.00,767.00
             275.00,767.00 283.00,747.00 283.00,747.00
             283.00,747.00 292.00,749.00 292.00,749.00
             292.00,749.00 296.00,737.00 296.00,737.00
             296.00,737.00 330.00,750.00 330.00,750.00
             331.49,743.64 337.34,730.61 340.15,724.00
             340.15,724.00 356.80,684.00 356.80,684.00
             356.80,684.00 359.41,678.09 359.41,678.09
             361.64,674.25 367.98,668.12 367.03,663.13
             366.55,660.66 364.03,659.71 362.00,658.81
             362.00,658.81 348.00,652.85 348.00,652.85
             348.00,652.85 314.00,638.72 314.00,638.72
             314.00,638.72 289.00,628.00 289.00,628.00
             289.00,628.00 298.00,604.00 298.00,604.00
             303.74,603.69 304.08,599.78 306.00,595.00
             306.00,595.00 301.00,593.00 301.00,593.00
             301.00,593.00 329.00,526.00 329.00,526.00
             329.00,526.00 337.00,529.00 337.00,529.00
             337.00,529.00 339.00,523.00 339.00,523.00
             339.00,523.00 334.00,521.00 334.00,521.00
             334.00,521.00 340.05,506.11 340.05,506.11
             340.05,506.11 347.15,494.00 347.15,494.00
             347.15,494.00 361.53,458.00 361.53,458.00
             361.53,458.00 364.02,448.00 364.02,448.00
             364.02,448.00 377.00,416.00 377.00,416.00
             377.00,416.00 394.00,422.00 394.00,422.00
             394.72,419.33 395.90,413.90 399.22,413.50 Z" />
</svg>
