<?xml version="1.0" encoding="UTF-8" standalone="no"?>
<!DOCTYPE svg PUBLIC "-//W3C//DTD SVG 20010904//EN"
              "http://www.w3.org/TR/2001/REC-SVG-20010904/DTD/svg10.dtd">

<svg xmlns="http://www.w3.org/2000/svg"
     width="4.47245in" height="4.28494in"
     viewBox="0 0 1288 1234">
  <path id="Mech"
        fill="none" stroke="black" stroke-width="1"
        d="M 558.00,708.00
           C 558.00,708.00 565.00,711.00 565.00,711.00
             565.00,711.00 564.00,714.00 564.00,714.00
             564.00,714.00 573.00,718.00 573.00,718.00
             573.00,718.00 569.14,728.90 569.14,728.90
             569.37,731.73 572.79,733.01 575.00,734.00
             575.00,734.00 592.00,741.00 592.00,741.00
             592.00,741.00 576.85,779.00 576.85,779.00
             576.85,779.00 554.58,832.00 554.58,832.00
             554.58,832.00 543.00,860.00 543.00,860.00
             543.00,860.00 520.00,851.00 520.00,851.00
             520.00,851.00 519.00,854.00 519.00,854.00
             519.00,854.00 516.00,853.00 516.00,853.00
             516.00,853.00 513.00,862.00 513.00,862.00
             513.00,862.00 505.09,860.16 505.09,860.16
             505.09,860.16 495.00,859.00 495.00,859.00
             495.00,859.00 496.00,855.00 496.00,855.00
             496.00,855.00 487.00,852.00 487.00,852.00
             487.00,852.00 492.00,839.00 492.00,839.00
             492.00,839.00 468.00,829.00 468.00,829.00
             468.00,829.00 488.99,778.00 488.99,778.00
             488.99,778.00 517.00,711.00 517.00,711.00
             517.00,711.00 535.00,718.01 535.00,718.01
             537.00,718.82 540.41,720.68 542.41,719.19
             543.61,718.29 546.29,709.05 547.00,707.00
             550.79,708.61 555.02,711.87 558.00,708.00 Z" />
</svg>
