<?xml version="1.0" encoding="UTF-8" standalone="no"?>
<!DOCTYPE svg PUBLIC "-//W3C//DTD SVG 20010904//EN"
              "http://www.w3.org/TR/2001/REC-SVG-20010904/DTD/svg10.dtd">

<svg xmlns="http://www.w3.org/2000/svg"
     width="4.47245in" height="4.28494in"
     viewBox="0 0 1288 1234">
  <path id="Selection #1"
        fill="none" stroke="black" stroke-width="1"
        d="M 629.00,910.00
           C 629.00,910.00 628.00,914.00 628.00,914.00
             628.00,914.00 652.00,923.72 652.00,923.72
             652.00,923.72 689.00,939.42 689.00,939.42
             689.00,939.42 707.89,946.78 707.89,946.78
             707.89,946.78 711.00,945.00 711.00,945.00
             714.64,943.79 715.43,940.30 716.85,937.00
             716.85,937.00 725.85,916.00 725.85,916.00
             727.48,912.20 728.81,905.62 734.04,906.68
             734.04,906.68 741.00,909.00 741.00,909.00
             741.00,909.00 729.15,938.00 729.15,938.00
             728.09,940.48 724.55,947.32 725.41,949.73
             726.50,952.80 738.71,957.07 742.00,958.00
             742.00,958.00 730.85,985.00 730.85,985.00
             730.85,985.00 711.00,1032.00 711.00,1032.00
             711.00,1032.00 680.00,1019.00 680.00,1019.00
             680.00,1019.00 679.22,1015.49 679.22,1015.49
             679.22,1015.49 661.00,1006.72 661.00,1006.72
             661.00,1006.72 619.00,988.85 619.00,988.85
             619.00,988.85 599.00,980.00 599.00,980.00
             599.00,980.00 597.00,984.00 597.00,984.00
             597.00,984.00 575.00,974.58 575.00,974.58
             575.00,974.58 567.81,969.73 567.81,969.73
             567.81,969.73 570.85,960.00 570.85,960.00
             570.85,960.00 580.00,937.00 580.00,937.00
             580.00,937.00 576.00,936.00 576.00,936.00
             576.00,936.00 579.00,928.00 579.00,928.00
             579.00,928.00 584.00,930.00 584.00,930.00
             584.00,930.00 598.00,897.00 598.00,897.00
             598.00,897.00 629.00,910.00 629.00,910.00 Z" />
</svg>
