<?xml version="1.0" encoding="UTF-8" standalone="no"?>
<!DOCTYPE svg PUBLIC "-//W3C//DTD SVG 20010904//EN"
              "http://www.w3.org/TR/2001/REC-SVG-20010904/DTD/svg10.dtd">

<svg xmlns="http://www.w3.org/2000/svg"
     width="4.47245in" height="4.28494in"
     viewBox="0 0 1288 1234">
  <path id="Physical &amp; Life Sciences"
        fill="none" stroke="black" stroke-width="1"
        d="M 293.00,630.85
           C 293.00,630.85 300.89,635.41 300.89,635.41
             300.89,635.41 300.00,642.00 300.00,642.00
             300.00,642.00 316.00,649.00 316.00,649.00
             313.39,656.59 317.19,657.16 324.00,659.00
             324.00,659.00 310.42,693.00 310.42,693.00
             310.42,693.00 295.06,730.00 295.06,730.00
             295.06,730.00 294.00,738.00 294.00,738.00
             294.00,738.00 291.00,747.00 291.00,747.00
             291.00,747.00 282.00,745.00 282.00,745.00
             282.00,745.00 273.00,768.00 273.00,768.00
             278.07,772.77 267.75,784.25 265.99,789.00
             264.66,792.58 267.49,794.05 264.63,797.71
             263.71,798.89 260.31,801.57 259.00,802.60
             257.49,803.77 255.82,805.17 254.00,805.80
             253.00,806.15 242.99,807.45 242.00,807.29
             234.82,806.13 211.83,792.98 201.00,792.00
             200.73,784.43 198.62,784.66 192.00,782.00
             192.00,782.00 232.42,684.00 232.42,684.00
             232.42,684.00 254.00,631.00 254.00,631.00
             254.00,631.00 267.00,636.00 267.00,636.00
             267.00,636.00 273.00,622.00 273.00,622.00
             273.00,622.00 293.00,630.85 293.00,630.85 Z" />
</svg>
