<?xml version="1.0" encoding="UTF-8" standalone="no"?>
<!DOCTYPE svg PUBLIC "-//W3C//DTD SVG 20010904//EN"
              "http://www.w3.org/TR/2001/REC-SVG-20010904/DTD/svg10.dtd">

<svg xmlns="http://www.w3.org/2000/svg"
     width="4.47245in" height="4.28494in"
     viewBox="0 0 1288 1234">
  <path id="Physics"
        fill="none" stroke="black" stroke-width="1"
        d="M 701.00,186.42
           C 701.00,186.42 720.00,194.54 720.00,194.54
             720.00,194.54 738.00,199.46 738.00,199.46
             738.00,199.46 751.00,207.64 751.00,207.64
             751.00,207.64 766.00,214.00 766.00,214.00
             766.00,214.00 764.00,220.00 764.00,220.00
             757.52,220.35 759.37,223.99 757.64,229.00
             757.64,229.00 752.00,242.00 752.00,242.00
             752.00,242.00 746.00,239.00 746.00,239.00
             742.15,247.77 741.45,246.66 730.00,241.72
             730.00,241.72 711.00,233.58 711.00,233.58
             708.90,232.68 703.09,229.94 701.10,229.92
             697.97,229.90 696.22,233.35 697.23,235.73
             698.04,237.61 701.26,239.04 703.00,240.00
             703.00,240.00 700.00,248.00 700.00,248.00
             700.00,248.00 724.00,258.00 724.00,258.00
             724.00,258.00 710.00,294.00 710.00,294.00
             719.27,296.17 732.30,300.94 740.91,305.04
             746.69,307.79 744.40,307.99 753.00,311.00
             753.00,311.00 749.00,322.00 749.00,322.00
             749.00,322.00 795.00,341.00 795.00,341.00
             795.00,341.00 799.00,331.00 799.00,331.00
             799.00,331.00 835.00,344.00 835.00,344.00
             835.00,344.00 822.28,375.00 822.28,375.00
             822.28,375.00 808.00,408.00 808.00,408.00
             808.00,408.00 786.09,399.19 786.09,399.19
             786.09,399.19 773.00,392.00 773.00,392.00
             773.00,392.00 777.00,381.00 777.00,381.00
             777.00,381.00 730.00,362.00 730.00,362.00
             730.00,362.00 730.00,364.00 730.00,364.00
             730.00,364.00 722.00,361.00 722.00,361.00
             722.00,361.00 721.00,364.00 721.00,364.00
             721.00,364.00 695.00,353.00 695.00,353.00
             695.00,353.00 696.00,350.00 696.00,350.00
             691.31,348.35 688.90,348.25 688.00,343.00
             688.00,343.00 668.00,335.42 668.00,335.42
             668.00,335.42 642.00,324.00 642.00,324.00
             642.00,324.00 638.00,334.00 638.00,334.00
             638.00,334.00 601.00,321.00 601.00,321.00
             601.00,321.00 613.72,290.00 613.72,290.00
             613.72,290.00 628.00,257.00 628.00,257.00
             628.00,257.00 663.00,273.00 663.00,273.00
             663.00,273.00 675.00,244.00 675.00,244.00
             675.00,244.00 669.00,242.00 669.00,242.00
             669.00,242.00 675.00,229.00 675.00,229.00
             675.00,229.00 687.00,234.00 687.00,234.00
             687.00,234.00 691.00,225.00 691.00,225.00
             691.00,225.00 650.00,208.00 650.00,208.00
             650.00,208.00 662.00,176.00 662.00,176.00
             662.00,176.00 653.00,173.00 653.00,173.00
             653.00,173.00 655.00,167.00 655.00,167.00
             655.00,167.00 701.00,186.42 701.00,186.42 Z" />
</svg>
