<?xml version="1.0" encoding="UTF-8" standalone="no"?>
<!DOCTYPE svg PUBLIC "-//W3C//DTD SVG 20010904//EN"
              "http://www.w3.org/TR/2001/REC-SVG-20010904/DTD/svg10.dtd">

<svg xmlns="http://www.w3.org/2000/svg"
     width="4.47245in" height="4.28494in"
     viewBox="0 0 1288 1234">
  <path id="Rice"
        fill="none" stroke="black" stroke-width="1"
        d="M 573.00,1026.72
           C 573.00,1026.72 616.00,1045.00 616.00,1045.00
             616.00,1045.00 621.00,1032.00 621.00,1032.00
             629.91,1033.68 638.69,1036.19 647.00,1039.86
             650.36,1041.35 657.75,1045.82 661.00,1045.54
             666.52,1045.07 676.06,1037.08 679.57,1033.00
             681.54,1030.72 685.11,1025.52 688.09,1024.97
             690.02,1024.62 694.04,1026.32 696.00,1027.00
             692.62,1034.16 679.05,1046.28 675.44,1052.00
             673.21,1055.52 674.94,1056.81 673.72,1060.00
             672.16,1064.08 667.34,1066.34 669.00,1071.00
             669.00,1071.00 660.00,1088.00 660.00,1088.00
             660.00,1088.00 664.00,1090.00 664.00,1090.00
             664.00,1090.00 658.63,1099.00 658.63,1099.00
             658.63,1099.00 652.00,1114.00 652.00,1114.00
             652.00,1114.00 648.00,1113.00 648.00,1113.00
             648.00,1113.00 635.00,1135.00 635.00,1135.00
             635.00,1135.00 632.00,1134.00 632.00,1134.00
             632.00,1134.00 628.00,1142.00 628.00,1142.00
             621.62,1140.18 605.86,1131.68 599.00,1128.25
             599.00,1128.25 546.00,1101.75 546.00,1101.75
             546.00,1101.75 530.27,1093.65 530.27,1093.65
             525.15,1089.81 526.66,1084.20 518.00,1088.00
             512.12,1082.12 509.87,1081.84 508.59,1073.72
             508.42,1072.61 507.90,1071.20 508.07,1070.07
             508.44,1067.78 517.90,1058.86 520.19,1056.00
             526.42,1048.23 532.40,1036.63 535.00,1027.00
             542.09,1025.82 542.59,1021.03 545.00,1015.00
             545.00,1015.00 573.00,1026.72 573.00,1026.72 Z" />
</svg>
