<?xml version="1.0" encoding="UTF-8" standalone="no"?>
<!DOCTYPE svg PUBLIC "-//W3C//DTD SVG 20010904//EN"
              "http://www.w3.org/TR/2001/REC-SVG-20010904/DTD/svg10.dtd">

<svg xmlns="http://www.w3.org/2000/svg"
     width="4.47245in" height="4.28494in"
     viewBox="0 0 1288 1234">
  <path id="Ruffner"
        fill="none" stroke="black" stroke-width="1"
        d="M 990.00,42.00
           C 992.27,42.97 1001.12,46.43 1002.36,47.81
             1005.42,51.24 999.84,55.86 1001.35,59.79
             1002.59,63.02 1014.47,67.17 1018.00,69.00
             1018.00,69.00 1001.00,109.00 1001.00,109.00
             1001.00,109.00 982.00,101.00 982.00,101.00
             982.00,101.00 972.00,126.00 972.00,126.00
             972.00,126.00 979.00,128.00 979.00,128.00
             979.00,128.00 963.85,166.00 963.85,166.00
             963.85,166.00 935.72,233.00 935.72,233.00
             935.72,233.00 924.80,259.00 924.80,259.00
             923.85,261.35 920.95,268.96 919.30,270.36
             916.25,272.97 907.86,268.09 904.00,267.00
             904.00,267.00 902.00,274.00 902.00,274.00
             902.00,274.00 844.00,250.00 844.00,250.00
             844.00,250.00 847.00,242.00 847.00,242.00
             847.00,242.00 833.00,236.00 833.00,236.00
             833.00,236.00 855.58,181.00 855.58,181.00
             855.58,181.00 876.58,131.00 876.58,131.00
             876.58,131.00 893.00,92.00 893.00,92.00
             893.00,92.00 929.00,107.00 929.00,107.00
             929.00,107.00 939.00,82.00 939.00,82.00
             939.00,82.00 925.00,77.00 925.00,77.00
             925.00,77.00 941.00,37.00 941.00,37.00
             941.00,37.00 957.00,42.00 957.00,42.00
             957.00,42.00 961.00,30.00 961.00,30.00
             961.00,30.00 990.00,42.00 990.00,42.00 Z" />
</svg>
