<?xml version="1.0" encoding="UTF-8" standalone="no"?>
<!DOCTYPE svg PUBLIC "-//W3C//DTD SVG 20010904//EN"
              "http://www.w3.org/TR/2001/REC-SVG-20010904/DTD/svg10.dtd">

<svg xmlns="http://www.w3.org/2000/svg"
     width="4.47245in" height="4.28494in"
     viewBox="0 0 1288 1234">
  <path id="Small"
        fill="none" stroke="black" stroke-width="1"
        d="M 446.83,900.51
           C 446.83,900.51 454.01,904.96 454.01,904.96
             454.01,904.96 499.00,923.96 499.00,923.96
             499.00,923.96 507.00,926.37 507.00,926.37
             507.00,926.37 529.00,935.00 529.00,935.00
             529.00,935.00 523.00,953.00 523.00,953.00
             523.00,953.00 527.00,954.00 527.00,954.00
             527.00,954.00 524.00,960.00 524.00,960.00
             524.00,960.00 519.00,959.00 519.00,959.00
             519.00,959.00 513.00,975.00 513.00,975.00
             513.00,975.00 492.09,966.18 492.09,966.18
             492.09,966.18 483.00,960.44 483.00,960.44
             483.00,960.44 436.17,940.55 436.17,940.55
             436.17,940.55 428.00,939.22 428.00,939.22
             428.00,939.22 408.00,931.00 408.00,931.00
             409.07,924.18 420.47,898.50 424.00,891.00
             424.00,891.00 446.83,900.51 446.83,900.51 Z" />
</svg>
