<?xml version="1.0" encoding="UTF-8" standalone="no"?>
<!DOCTYPE svg PUBLIC "-//W3C//DTD SVG 20010904//EN"
              "http://www.w3.org/TR/2001/REC-SVG-20010904/DTD/svg10.dtd">

<svg xmlns="http://www.w3.org/2000/svg"
     width="4.47245in" height="4.28494in"
     viewBox="0 0 1288 1234">
  <path id="Selection"
        fill="none" stroke="black" stroke-width="1"
        d="M 818.00,538.00
           C 818.00,538.00 805.00,569.00 805.00,569.00
             805.00,569.00 846.00,586.58 846.00,586.58
             846.00,586.58 875.00,599.00 875.00,599.00
             875.00,599.00 888.00,568.00 888.00,568.00
             888.00,568.00 917.00,580.00 917.00,580.00
             917.00,580.00 902.15,617.00 902.15,617.00
             900.84,620.07 896.22,628.87 897.35,631.79
             898.65,635.18 911.32,639.53 915.00,641.00
             915.00,641.00 908.00,659.00 908.00,659.00
             908.00,659.00 885.00,651.00 885.00,651.00
             885.00,651.00 882.00,660.00 882.00,660.00
             882.00,660.00 921.00,677.00 921.00,677.00
             921.00,677.00 908.00,708.00 908.00,708.00
             904.49,707.05 895.17,702.09 892.39,703.81
             890.57,704.93 889.40,708.10 888.58,710.00
             888.58,710.00 881.80,726.00 881.80,726.00
             881.80,726.00 856.00,788.00 856.00,788.00
             859.17,788.86 869.28,791.97 870.19,795.27
             870.76,797.30 868.96,801.09 868.15,803.00
             868.15,803.00 860.98,819.98 860.98,819.98
             859.63,823.00 858.70,825.09 854.96,824.32
             854.96,824.32 833.00,815.00 833.00,815.00
             833.00,815.00 822.82,839.00 822.82,839.00
             822.82,839.00 820.13,850.00 820.13,850.00
             820.13,850.00 803.20,891.00 803.20,891.00
             803.20,891.00 798.99,904.00 798.99,904.00
             798.99,904.00 789.00,928.00 789.00,928.00
             789.00,928.00 770.00,920.58 770.00,920.58
             770.00,920.58 719.00,899.00 719.00,899.00
             719.00,899.00 732.00,867.00 732.00,867.00
             732.00,867.00 765.00,880.00 765.00,880.00
             765.00,880.00 772.99,860.00 772.99,860.00
             772.99,860.00 785.62,830.17 785.62,830.17
             790.31,821.02 796.33,809.89 799.00,800.00
             799.00,800.00 788.00,796.00 788.00,796.00
             788.00,796.00 801.00,766.00 801.00,766.00
             801.00,766.00 744.00,741.72 744.00,741.72
             744.00,741.72 730.00,735.72 730.00,735.72
             730.00,735.72 723.27,734.35 723.27,734.35
             723.27,734.35 718.58,742.00 718.58,742.00
             718.58,742.00 710.00,762.00 710.00,762.00
             710.00,762.00 694.00,756.00 694.00,756.00
             694.00,756.00 660.00,836.00 660.00,836.00
             660.00,836.00 683.00,845.00 683.00,845.00
             683.00,845.00 670.00,877.00 670.00,877.00
             670.00,877.00 607.00,851.00 607.00,851.00
             607.00,851.00 620.00,819.00 620.00,819.00
             620.00,819.00 630.00,822.00 630.00,822.00
             630.00,822.00 639.58,798.00 639.58,798.00
             639.58,798.00 663.00,742.00 663.00,742.00
             660.68,741.36 656.54,740.44 655.81,737.73
             655.24,735.61 657.55,731.09 658.40,729.00
             658.40,729.00 667.00,708.00 667.00,708.00
             667.00,708.00 680.00,712.00 680.00,712.00
             680.00,712.00 690.72,685.00 690.72,685.00
             690.72,685.00 706.28,648.00 706.28,648.00
             706.28,648.00 715.00,626.00 715.00,626.00
             715.00,626.00 704.00,622.00 704.00,622.00
             704.00,622.00 717.00,590.00 717.00,590.00
             717.00,590.00 739.00,599.28 739.00,599.28
             740.93,600.11 747.18,603.01 748.90,603.05
             752.89,603.17 756.50,595.23 754.00,591.00
             754.00,591.00 761.00,573.00 761.00,573.00
             761.00,573.00 768.00,575.00 768.00,575.00
             768.00,575.00 789.00,526.00 789.00,526.00
             789.00,526.00 818.00,538.00 818.00,538.00 Z
           M 798.00,614.58
           C 798.00,614.58 778.00,606.01 778.00,606.01
             775.83,605.12 771.50,603.11 769.22,603.78
             766.74,604.51 765.66,607.86 764.72,610.00
             764.72,610.00 756.28,630.00 756.28,630.00
             756.28,630.00 733.15,685.00 733.15,685.00
             733.15,685.00 720.68,714.96 720.68,714.96
             719.81,719.17 722.77,720.00 726.00,721.42
             726.00,721.42 743.00,728.72 743.00,728.72
             743.00,728.72 804.00,754.72 804.00,754.72
             804.00,754.72 820.00,761.42 820.00,761.42
             821.84,762.18 824.79,763.71 826.79,763.19
             829.53,762.48 830.84,758.34 831.85,756.00
             831.85,756.00 840.28,736.00 840.28,736.00
             840.28,736.00 866.01,675.00 866.01,675.00
             866.01,675.00 877.00,648.00 877.00,648.00
             877.00,648.00 798.00,614.58 798.00,614.58 Z" />
</svg>
